FORMAT 1
 fake.rf 1440.00000000 54800.24407567303810396 1.00000 7 
 fake.rf 1440.00000000 54800.20692526734337591 1.00000 7 
 fake.rf 1440.00000000 54800.23931829072601118 1.00000 7 
 fake.rf 1440.00000000 54800.24059670611302053 1.00000 7 
 fake.rf 1440.00000000 54801.24730020409106857 1.00000 7 
 fake.rf 1440.00000000 54801.18779220289772880 1.00000 7 
 fake.rf 1440.00000000 54801.19926482384605038 1.00000 7 
 fake.rf 1440.00000000 54801.23534872393852169 1.00000 7 
 fake.rf 1440.00000000 54803.19626743212101516 1.00000 7 
 fake.rf 1440.00000000 54803.20865214390396858 1.00000 7 
 fake.rf 1440.00000000 54803.24522120885624688 1.00000 7 
 fake.rf 1440.00000000 54803.24221831000049576 1.00000 7 
 fake.rf 1440.00000000 54807.23819069877442089 1.00000 7 
 fake.rf 1440.00000000 54807.17313506843778370 1.00000 7 
 fake.rf 1440.00000000 54807.19769136756404748 1.00000 7 
 fake.rf 1440.00000000 54807.22487302301904677 1.00000 7 
 fake.rf 1440.00000000 54814.14118158045005202 1.00000 7 
 fake.rf 1440.00000000 54814.13750255031965608 1.00000 7 
 fake.rf 1440.00000000 54814.17397578036914041 1.00000 7 
 fake.rf 1440.00000000 54814.14109194830277971 1.00000 7 
 fake.rf 1440.00000000 54828.13486069629887254 1.00000 7 
 fake.rf 1440.00000000 54828.11645011973603303 1.00000 7 
 fake.rf 1440.00000000 54828.11323565355938925 1.00000 7 
 fake.rf 1440.00000000 54828.12062744556939009 1.00000 7 
 fake.rf 1440.00000000 54857.05771561794425395 1.00000 7 
 fake.rf 1440.00000000 54857.06780366421861928 1.00000 7 
 fake.rf 1440.00000000 54857.09711850498519681 1.00000 7 
 fake.rf 1440.00000000 54857.05600178674811929 1.00000 7 
 fake.rf 1440.00000000 54885.96954262527069801 1.00000 7 
 fake.rf 1440.00000000 54885.96326522353689015 1.00000 7 
 fake.rf 1440.00000000 54885.96685825735874076 1.00000 7 
 fake.rf 1440.00000000 54885.94683847202518123 1.00000 7 
 fake.rf 1440.00000000 54907.93133691194667634 1.00000 7 
 fake.rf 1440.00000000 54907.94884854709489375 1.00000 7 
 fake.rf 1440.00000000 54907.90485294291210394 1.00000 7 
 fake.rf 1440.00000000 54907.89759068390748098 1.00000 7 
 fake.rf 1440.00000000 54935.85097289496381379 1.00000 7 
 fake.rf 1440.00000000 54935.80546805603726668 1.00000 7 
 fake.rf 1440.00000000 54935.86113030186569972 1.00000 7 
 fake.rf 1440.00000000 54935.84590031258259657 1.00000 7 
 fake.rf 1440.00000000 54968.73295586284189795 1.00000 7 
 fake.rf 1440.00000000 54968.78864934569419987 1.00000 7 
 fake.rf 1440.00000000 54968.75979717933874369 1.00000 7 
 fake.rf 1440.00000000 54968.72850923393817979 1.00000 7 
 fake.rf 1440.00000000 54997.67309650441400493 1.00000 7 
 fake.rf 1440.00000000 54997.69654105138700828 1.00000 7 
 fake.rf 1440.00000000 54997.69822631100012345 1.00000 7 
 fake.rf 1440.00000000 54997.63401590559388765 1.00000 7 
 fake.rf 1440.00000000 55035.59682684868623426 1.00000 7 
 fake.rf 1440.00000000 55035.59215433538323481 1.00000 7 
 fake.rf 1440.00000000 55035.56290905819231796 1.00000 7 
 fake.rf 1440.00000000 55035.56024413072463730 1.00000 7 
 fake.rf 1440.00000000 55064.48457670833279565 1.00000 7 
 fake.rf 1440.00000000 55064.48882324195809446 1.00000 7 
 fake.rf 1440.00000000 55064.50064743983613980 1.00000 7 
 fake.rf 1440.00000000 55064.52012290592239907 1.00000 7 
 fake.rf 1440.00000000 55095.38547135435204893 1.00000 7 
 fake.rf 1440.00000000 55095.40061623940371760 1.00000 7 
 fake.rf 1440.00000000 55095.42747399486468041 1.00000 7 
 fake.rf 1440.00000000 55095.40558926625216074 1.00000 7 
