FORMAT 1
 fake.rf 1440.00000000 54800.20698699423623168 0.10000 7 
 fake.rf 1440.00000000 54810.21683305495292871 0.10000 7 
 fake.rf 1440.00000000 54820.15713570612388494 0.10000 7 
 fake.rf 1440.00000000 54830.12855297208975003 0.10000 7 
 fake.rf 1440.00000000 54840.09181468673574855 0.10000 7 
 fake.rf 1440.00000000 54850.12401835796347527 0.10000 7 
 fake.rf 1440.00000000 54860.08524140933036861 0.10000 7 
 fake.rf 1440.00000000 54870.02185316620317934 0.10000 7 
 fake.rf 1440.00000000 54880.03542007485992116 0.10000 7 
 fake.rf 1440.00000000 54889.98509946904137280 0.10000 7 
 fake.rf 1440.00000000 54899.96417622527187419 0.10000 7 
 fake.rf 1440.00000000 54909.92424905557157189 0.10000 7 
 fake.rf 1440.00000000 54919.91895192622275701 0.10000 7 
 fake.rf 1440.00000000 54929.87926289852380535 0.10000 7 
 fake.rf 1440.00000000 54939.81538950062353877 0.10000 7 
 fake.rf 1440.00000000 54949.79108805568201035 0.10000 7 
 fake.rf 1440.00000000 54959.78715732800640126 0.10000 7 
 fake.rf 1440.00000000 54969.75305422940329336 0.10000 7 
 fake.rf 1440.00000000 54979.77372443389327827 0.10000 7 
 fake.rf 1440.00000000 54989.70763956197488298 0.10000 7 
 fake.rf 1440.00000000 54999.72955759341414961 0.10000 7 
 fake.rf 1440.00000000 55009.68337107135600306 0.10000 7 
 fake.rf 1440.00000000 55019.66487134641164047 0.10000 7 
 fake.rf 1440.00000000 55029.58198825252273778 0.10000 7 
 fake.rf 1440.00000000 55039.60864204713050185 0.10000 7 
 fake.rf 1440.00000000 55049.56098227601840023 0.10000 7 
 fake.rf 1440.00000000 55059.55627410695954183 0.10000 7 
 fake.rf 1440.00000000 55069.53071823706393673 0.10000 7 
 fake.rf 1440.00000000 55079.42923760587454751 0.10000 7 
 fake.rf 1440.00000000 55089.46698890030554807 0.10000 7 
 fake.rf 1440.00000000 55099.41512826899286281 0.10000 7 
 fake.rf 1440.00000000 55109.36064228930073483 0.10000 7 
 fake.rf 1440.00000000 55119.35221066114662847 0.10000 7 
 fake.rf 1440.00000000 55129.35129034020437544 0.10000 7 
 fake.rf 1440.00000000 55139.29552595001449689 0.10000 7 
 fake.rf 1440.00000000 55149.27766038232880419 0.10000 7 
 fake.rf 1440.00000000 55159.25291471922474074 0.10000 7 
 fake.rf 1440.00000000 55169.18567771471953520 0.10000 7 
 fake.rf 1440.00000000 55179.21506157177997309 0.10000 7 
 fake.rf 1440.00000000 55189.14785383710350786 0.10000 7 
 fake.rf 1440.00000000 55199.14093388679356167 0.10000 7 
 fake.rf 1440.00000000 55209.09336548599575778 0.10000 7 
 fake.rf 1440.00000000 55219.09686826101751933 0.10000 7 
 fake.rf 1440.00000000 55229.02862218626651369 0.10000 7 
 fake.rf 1440.00000000 55239.05200240970484771 0.10000 7 
 fake.rf 1440.00000000 55249.01893611789908078 0.10000 7 
 fake.rf 1440.00000000 55258.95369292601075273 0.10000 7 
 fake.rf 1440.00000000 55268.91711343206732110 0.10000 7 
 fake.rf 1440.00000000 55278.96058170323716041 0.10000 7 
 fake.rf 1440.00000000 55288.85997972439335513 0.10000 7 
 fake.rf 1440.00000000 55298.86795303091359699 0.10000 7 
 fake.rf 1440.00000000 55308.87731032425341837 0.10000 7 
 fake.rf 1440.00000000 55318.84115949706083981 0.10000 7 
 fake.rf 1440.00000000 55328.77460406183264396 0.10000 7 
 fake.rf 1440.00000000 55338.72838259058135080 0.10000 7 
 fake.rf 1440.00000000 55348.74618990055080658 0.10000 7 
 fake.rf 1440.00000000 55358.74261235953369109 0.10000 7 
 fake.rf 1440.00000000 55368.71898704912260314 0.10000 7 
 fake.rf 1440.00000000 55378.65520949602285228 0.10000 7 
 fake.rf 1440.00000000 55388.66078898235251771 0.10000 7 
 fake.rf 1440.00000000 55398.61888598594747535 0.10000 7 
 fake.rf 1440.00000000 55408.53055214110943894 0.10000 7 
 fake.rf 1440.00000000 55418.50894997705796285 0.10000 7 
 fake.rf 1440.00000000 55428.48591965908960688 0.10000 7 
 fake.rf 1440.00000000 55438.50730316264567676 0.10000 7 
 fake.rf 1440.00000000 55448.45724095093784811 0.10000 7 
 fake.rf 1440.00000000 55458.44364939577476648 0.10000 7 
 fake.rf 1440.00000000 55468.38425824411947929 0.10000 7 
 fake.rf 1440.00000000 55478.37759669100850246 0.10000 7 
 fake.rf 1440.00000000 55488.33736000563213508 0.10000 7 
 fake.rf 1440.00000000 55498.32139877621776236 0.10000 7 
 fake.rf 1440.00000000 55508.33512160789128487 0.10000 7 
 fake.rf 1440.00000000 55518.27462084727751090 0.10000 7 
 fake.rf 1440.00000000 55528.20613338464006503 0.10000 7 
 fake.rf 1440.00000000 55538.17891449678541349 0.10000 7 
 fake.rf 1440.00000000 55548.16909828833770035 0.10000 7 
 fake.rf 1440.00000000 55558.17818219657218748 0.10000 7 
 fake.rf 1440.00000000 55568.11302444799542855 0.10000 7 
 fake.rf 1440.00000000 55578.09393308011119217 0.10000 7 
 fake.rf 1440.00000000 55588.09045626512745386 0.10000 7 
 fake.rf 1440.00000000 55598.03533419127728266 0.10000 7 
 fake.rf 1440.00000000 55608.05152047435801776 0.10000 7 
 fake.rf 1440.00000000 55618.00137192999062918 0.10000 7 
 fake.rf 1440.00000000 55627.93740337352411629 0.10000 7 
 fake.rf 1440.00000000 55637.91433855117726281 0.10000 7 
 fake.rf 1440.00000000 55647.92860621885168726 0.10000 7 
 fake.rf 1440.00000000 55657.90974930322466818 0.10000 7 
 fake.rf 1440.00000000 55667.82707794160434389 0.10000 7 
 fake.rf 1440.00000000 55677.84502463368999159 0.10000 7 
 fake.rf 1440.00000000 55687.78969449040322459 0.10000 7 
 fake.rf 1440.00000000 55697.73990696293840941 0.10000 7 
 fake.rf 1440.00000000 55707.74325496942907421 0.10000 7 
 fake.rf 1440.00000000 55717.71022863819616688 0.10000 7 
 fake.rf 1440.00000000 55727.66614328558073410 0.10000 7 
 fake.rf 1440.00000000 55737.67376532875426420 0.10000 7 
 fake.rf 1440.00000000 55747.60609350287105102 0.10000 7 
 fake.rf 1440.00000000 55757.62258358840031036 0.10000 7 
 fake.rf 1440.00000000 55767.56058506908008354 0.10000 7 
 fake.rf 1440.00000000 55777.54415976416973777 0.10000 7 
 fake.rf 1440.00000000 55787.49795930578224201 0.10000 7 
 fake.rf 1440.00000000 55797.50636176827440949 0.10000 7 
 fake.rf 1440.00000000 55807.50127956171236221 0.10000 7 
 fake.rf 1440.00000000 55817.41277294532851627 0.10000 7 
 fake.rf 1440.00000000 55827.38797896094315476 0.10000 7 
 fake.rf 1440.00000000 55837.42504697499275679 0.10000 7 
 fake.rf 1440.00000000 55847.33662580962895206 0.10000 7 
 fake.rf 1440.00000000 55857.32931993468508125 0.10000 7 
 fake.rf 1440.00000000 55867.31944286443700065 0.10000 7 
 fake.rf 1440.00000000 55877.27650160584737549 0.10000 7 
 fake.rf 1440.00000000 55887.27740869245076638 0.10000 7 
 fake.rf 1440.00000000 55897.20802580776589252 0.10000 7 
 fake.rf 1440.00000000 55907.22060016632872248 0.10000 7 
 fake.rf 1440.00000000 55917.18166451292772479 0.10000 7 
 fake.rf 1440.00000000 55927.17277076820417037 0.10000 7 
 fake.rf 1440.00000000 55937.14868089108426119 0.10000 7 
 fake.rf 1440.00000000 55947.11398476614336062 0.10000 7 
 fake.rf 1440.00000000 55957.06332967495151109 0.10000 7 
 fake.rf 1440.00000000 55967.04768721609127269 0.10000 7 
 fake.rf 1440.00000000 55977.04095738532471671 0.10000 7 
 fake.rf 1440.00000000 55986.95221999514090427 0.10000 7 
 fake.rf 1440.00000000 55996.99188505426904428 0.10000 7 
 fake.rf 1440.00000000 56006.96267203738605645 0.10000 7 
 fake.rf 1440.00000000 56016.90458697682243283 0.10000 7 
 fake.rf 1440.00000000 56026.85519672316559792 0.10000 7 
 fake.rf 1440.00000000 56036.80920267910828869 0.10000 7 
 fake.rf 1440.00000000 56046.78604398728319680 0.10000 7 
 fake.rf 1440.00000000 56056.77961955868796196 0.10000 7 
 fake.rf 1440.00000000 56066.77741995246298146 0.10000 7 
 fake.rf 1440.00000000 56076.71956708245355827 0.10000 7 
 fake.rf 1440.00000000 56086.72402169091793667 0.10000 7 
 fake.rf 1440.00000000 56096.70292595932881596 0.10000 7 
 fake.rf 1440.00000000 56106.68077985279925812 0.10000 7 
 fake.rf 1440.00000000 56116.62412326824180653 0.10000 7 
 fake.rf 1440.00000000 56126.62515859575445631 0.10000 7 
 fake.rf 1440.00000000 56136.60552284032793224 0.10000 7 
 fake.rf 1440.00000000 56146.52990527332666915 0.10000 7 
 fake.rf 1440.00000000 56156.55315708616155135 0.10000 7 
 fake.rf 1440.00000000 56166.47018646105930628 0.10000 7 
 fake.rf 1440.00000000 56176.49532949695454320 0.10000 7 
 fake.rf 1440.00000000 56186.41961103190819316 0.10000 7 
 fake.rf 1440.00000000 56196.44818517399131963 0.10000 7 
 fake.rf 1440.00000000 56206.34791632508153825 0.10000 7 
 fake.rf 1440.00000000 56216.39540988068150895 0.10000 7 
 fake.rf 1440.00000000 56226.32901937188120556 0.10000 7 
 fake.rf 1440.00000000 56236.33049442925535288 0.10000 7 
 fake.rf 1440.00000000 56246.29786912521482023 0.10000 7 
 fake.rf 1440.00000000 56256.22408680826791283 0.10000 7 
 fake.rf 1440.00000000 56266.20221111325313856 0.10000 7 
 fake.rf 1440.00000000 56276.18124767905311501 0.10000 7 
 fake.rf 1440.00000000 56286.12803990119962094 0.10000 7 
 fake.rf 1440.00000000 56296.12806446604099264 0.10000 7 
 fake.rf 1440.00000000 56306.09073708541462011 0.10000 7 
 fake.rf 1440.00000000 56316.11895394497285494 0.10000 7 
 fake.rf 1440.00000000 56326.08819778515654519 0.10000 7 
 fake.rf 1440.00000000 56336.02878447353394620 0.10000 7 
 fake.rf 1440.00000000 56346.03831164939051490 0.10000 7 
 fake.rf 1440.00000000 56356.01170111548451302 0.10000 7 
 fake.rf 1440.00000000 56365.97316773843901672 0.10000 7 
 fake.rf 1440.00000000 56375.92446627568893547 0.10000 7 
 fake.rf 1440.00000000 56385.86730720834918529 0.10000 7 
 fake.rf 1440.00000000 56395.86053277027101061 0.10000 7 
 fake.rf 1440.00000000 56405.81803991509360330 0.10000 7 
 fake.rf 1440.00000000 56415.84937242960793924 0.10000 7 
 fake.rf 1440.00000000 56425.81324572906295600 0.10000 7 
 fake.rf 1440.00000000 56435.71575920027937912 0.10000 7 
 fake.rf 1440.00000000 56445.75476027102742549 0.10000 7 
 fake.rf 1440.00000000 56455.67032035918092348 0.10000 7 
 fake.rf 1440.00000000 56465.70672328168023313 0.10000 7 
 fake.rf 1440.00000000 56475.60672474167130019 0.10000 7 
 fake.rf 1440.00000000 56485.65806551687727577 0.10000 7 
 fake.rf 1440.00000000 56495.56272100024242988 0.10000 7 
 fake.rf 1440.00000000 56505.60193426251529658 0.10000 7 
 fake.rf 1440.00000000 56515.58031052413976170 0.10000 7 
 fake.rf 1440.00000000 56525.47643056944503215 0.10000 7 
 fake.rf 1440.00000000 56535.47655764849049476 0.10000 7 
 fake.rf 1440.00000000 56545.48371329775751803 0.10000 7 
 fake.rf 1440.00000000 56555.45784570700046245 0.10000 7 
 fake.rf 1440.00000000 56565.41149481021725975 0.10000 7 
 fake.rf 1440.00000000 56575.34074576666498402 0.10000 7 
 fake.rf 1440.00000000 56585.32121906361588159 0.10000 7 
 fake.rf 1440.00000000 56595.33229804288251330 0.10000 7 
 fake.rf 1440.00000000 56605.28887790891852561 0.10000 7 
 fake.rf 1440.00000000 56615.25932815726878289 0.10000 7 
 fake.rf 1440.00000000 56625.24259500550457247 0.10000 7 
 fake.rf 1440.00000000 56635.19572304580917432 0.10000 7 
 fake.rf 1440.00000000 56645.21739764999652422 0.10000 7 
 fake.rf 1440.00000000 56655.15416265056578382 0.10000 7 
 fake.rf 1440.00000000 56665.10798451470294168 0.10000 7 
 fake.rf 1440.00000000 56675.11843005772512427 0.10000 7 
 fake.rf 1440.00000000 56685.03379794457525875 0.10000 7 
 fake.rf 1440.00000000 56695.04109839269906601 0.10000 7 
 fake.rf 1440.00000000 56704.98874051604043345 0.10000 7 
 fake.rf 1440.00000000 56714.97225321015006472 0.10000 7 
 fake.rf 1440.00000000 56724.95485716091898709 0.10000 7 
 fake.rf 1440.00000000 56734.97701025598569302 0.10000 7 
 fake.rf 1440.00000000 56744.89034075359248277 0.10000 7 
 fake.rf 1440.00000000 56754.85591677284462264 0.10000 7 
 fake.rf 1440.00000000 56764.82093428866753371 0.10000 7 
 fake.rf 1440.00000000 56774.79797205542847394 0.10000 7 
 fake.rf 1440.00000000 56784.77418719862888352 0.10000 7 
 fake.rf 1440.00000000 56794.73451647862796321 0.10000 7 
 fake.rf 1440.00000000 56804.72684738942935567 0.10000 7 
