FORMAT 1
 fake.rf 1440.00000000 54800.18506994119220366 50.00000 7 
 fake.rf 1440.00000000 54800.18767039233437188 50.00000 7 
 fake.rf 1440.00000000 54800.19027084375514391 50.00000 7 
 fake.rf 1440.00000000 54800.19288677418425593 50.00000 7 
 fake.rf 1440.00000000 54800.19548722557803444 50.00000 7 
 fake.rf 1440.00000000 54800.19808767727720777 50.00000 7 
 fake.rf 1440.00000000 54800.20068812992437302 50.00000 7 
 fake.rf 1440.00000000 54800.20330405930511475 50.00000 7 
 fake.rf 1440.00000000 54800.20590451042490798 50.00000 7 
 fake.rf 1440.00000000 54800.20850496389158124 50.00000 7 
 fake.rf 1440.00000000 54800.21110541589835208 50.00000 7 
 fake.rf 1440.00000000 54800.21372134580541058 50.00000 7 
 fake.rf 1440.00000000 54800.21632179862262291 50.00000 7 
 fake.rf 1440.00000000 54800.21892224902351032 50.00000 7 
 fake.rf 1440.00000000 54800.22152270215425673 50.00000 7 
 fake.rf 1440.00000000 54800.22413863285388658 50.00000 7 

