FORMAT 1
 fake.rf 1440.00000000 54800.18506994119220366 50.00000 7 
 fake.rf 1440.00000000 54800.18767039233437188 50.00000 7 
 fake.rf 1440.00000000 54800.19027084375514391 50.00000 7 
 fake.rf 1440.00000000 54800.19288677418425593 50.00000 7 
 fake.rf 1440.00000000 54800.19548722557803444 50.00000 7 
 fake.rf 1440.00000000 54800.19808767727720777 50.00000 7 
 fake.rf 1440.00000000 54800.20068812992437302 50.00000 7 
 fake.rf 1440.00000000 54800.20330405930511475 50.00000 7 
 fake.rf 1440.00000000 54800.20590451042490798 50.00000 7 
 fake.rf 1440.00000000 54800.20850496389158124 50.00000 7 
 fake.rf 1440.00000000 54800.21110541589835208 50.00000 7 
 fake.rf 1440.00000000 54800.21372134580541058 50.00000 7 
 fake.rf 1440.00000000 54800.21632179862262291 50.00000 7 
 fake.rf 1440.00000000 54800.21892224902351032 50.00000 7 
 fake.rf 1440.00000000 54800.22152270215425673 50.00000 7 
 fake.rf 1440.00000000 54800.22413863285388658 50.00000 7 
 fake.rf 1440.00000000 54899.91202959980586229 50.00000 7 
 fake.rf 1440.00000000 54899.91462976133910701 50.00000 7 
 fake.rf 1440.00000000 54899.91722992408796244 50.00000 7 
 fake.rf 1440.00000000 54899.91984556229576597 50.00000 7 
 fake.rf 1440.00000000 54899.92244572580138851 50.00000 7 
 fake.rf 1440.00000000 54899.92504588804198917 50.00000 7 
 fake.rf 1440.00000000 54899.92764604899350189 50.00000 7 
 fake.rf 1440.00000000 54899.93026168896237138 50.00000 7 
 fake.rf 1440.00000000 54899.93286185175532665 50.00000 7 
 fake.rf 1440.00000000 54899.93546201368960880 50.00000 7 
 fake.rf 1440.00000000 54899.93806217589240504 50.00000 7 
 fake.rf 1440.00000000 54899.94067781558340613 50.00000 7 
 fake.rf 1440.00000000 54899.94327797844380967 50.00000 7 
 fake.rf 1440.00000000 54899.94587814190290231 50.00000 7 
 fake.rf 1440.00000000 54899.94847830421200285 50.00000 7 
 fake.rf 1440.00000000 54899.95109394420232718 50.00000 7 
 fake.rf 1440.00000000 54999.63897874247184561 50.00000 7 
 fake.rf 1440.00000000 54999.64159443683449524 50.00000 7 
 fake.rf 1440.00000000 54999.64419465538423992 50.00000 7 
 fake.rf 1440.00000000 54999.64679487276578485 50.00000 7 
 fake.rf 1440.00000000 54999.64939509041026255 50.00000 7 
 fake.rf 1440.00000000 54999.65201078592522421 50.00000 7 
 fake.rf 1440.00000000 54999.65461100248365867 50.00000 7 
 fake.rf 1440.00000000 54999.65721122017131606 50.00000 7 
 fake.rf 1440.00000000 54999.65981143866094527 50.00000 7 
 fake.rf 1440.00000000 54999.66242713453581814 50.00000 7 
 fake.rf 1440.00000000 54999.66502735215557607 50.00000 7 
 fake.rf 1440.00000000 54999.66762756989290040 50.00000 7 
 fake.rf 1440.00000000 54999.67022778801379346 50.00000 7 
 fake.rf 1440.00000000 54999.67284348254299076 50.00000 7 
 fake.rf 1440.00000000 54999.67544370105603235 50.00000 7 
 fake.rf 1440.00000000 54999.67804391956637389 50.00000 7 
 fake.rf 1440.00000000 55099.36593358576438462 50.00000 7 
 fake.rf 1440.00000000 55099.36854954739257906 50.00000 7 
 fake.rf 1440.00000000 55099.37115003030020333 50.00000 7 
 fake.rf 1440.00000000 55099.37375051193857800 50.00000 7 
 fake.rf 1440.00000000 55099.37635099433244434 50.00000 7 
 fake.rf 1440.00000000 55099.37896695766201915 50.00000 7 
 fake.rf 1440.00000000 55099.38156743972855622 50.00000 7 
 fake.rf 1440.00000000 55099.38416792279550904 50.00000 7 
 fake.rf 1440.00000000 55099.38676840575890381 50.00000 7 
 fake.rf 1440.00000000 55099.38938436796271958 50.00000 7 
 fake.rf 1440.00000000 55099.39198484988713389 50.00000 7 
 fake.rf 1440.00000000 55099.39458533432192056 50.00000 7 
 fake.rf 1440.00000000 55099.39718581709698242 50.00000 7 
 fake.rf 1440.00000000 55099.39980177888175916 50.00000 7 
 fake.rf 1440.00000000 55099.40240226375967225 50.00000 7 
 fake.rf 1440.00000000 55099.40500274655376600 50.00000 7 
 fake.rf 1440.00000000 55199.09288990079500792 50.00000 7 
 fake.rf 1440.00000000 55199.09550573694264131 50.00000 7 
 fake.rf 1440.00000000 55199.09810609420837935 50.00000 7 
 fake.rf 1440.00000000 55199.10070645252711330 50.00000 7 
 fake.rf 1440.00000000 55199.10330680827504324 50.00000 7 
 fake.rf 1440.00000000 55199.10592264418771435 50.00000 7 
 fake.rf 1440.00000000 55199.10852300114565239 50.00000 7 
 fake.rf 1440.00000000 55199.11112335870148016 50.00000 7 
 fake.rf 1440.00000000 55199.11372371612764809 50.00000 7 
 fake.rf 1440.00000000 55199.11633955165293841 50.00000 7 
 fake.rf 1440.00000000 55199.11893990893091200 50.00000 7 
 fake.rf 1440.00000000 55199.12154026752050484 50.00000 7 
 fake.rf 1440.00000000 55199.12414062545729010 50.00000 7 
 fake.rf 1440.00000000 55199.12675646094998427 50.00000 7 
 fake.rf 1440.00000000 55199.12935681824068368 50.00000 7 
 fake.rf 1440.00000000 55199.13195717648297745 50.00000 7 
 fake.rf 1440.00000000 55298.81984993849696153 50.00000 7 
 fake.rf 1440.00000000 55298.82245006327536885 50.00000 7 
 fake.rf 1440.00000000 55298.82506566442681262 50.00000 7 
 fake.rf 1440.00000000 55298.82766578799773782 50.00000 7 
 fake.rf 1440.00000000 55298.83026591238434833 50.00000 7 
 fake.rf 1440.00000000 55298.83288151458086901 50.00000 7 
 fake.rf 1440.00000000 55298.83548163803055786 50.00000 7 
 fake.rf 1440.00000000 55298.83808176369806020 50.00000 7 
 fake.rf 1440.00000000 55298.84068188995160043 50.00000 7 
 fake.rf 1440.00000000 55298.84329749106546004 50.00000 7 
 fake.rf 1440.00000000 55298.84589761567952593 50.00000 7 
 fake.rf 1440.00000000 55298.84849773986476507 50.00000 7 
 fake.rf 1440.00000000 55298.85109786374887975 50.00000 7 
 fake.rf 1440.00000000 55298.85371346805004578 50.00000 7 
 fake.rf 1440.00000000 55298.85631359153187248 50.00000 7 
 fake.rf 1440.00000000 55298.85891371738926026 50.00000 7 
 fake.rf 1440.00000000 55398.54680595297374168 50.00000 7 
 fake.rf 1440.00000000 55398.54942175117933090 50.00000 7 
 fake.rf 1440.00000000 55398.55202206760267458 50.00000 7 
 fake.rf 1440.00000000 55398.55462238577118939 50.00000 7 
 fake.rf 1440.00000000 55398.55722270353698633 50.00000 7 
 fake.rf 1440.00000000 55398.55983850150794012 50.00000 7 
 fake.rf 1440.00000000 55398.56243881994743461 50.00000 7 
 fake.rf 1440.00000000 55398.56503913790007587 50.00000 7 
 fake.rf 1440.00000000 55398.56763945711882613 50.00000 7 
 fake.rf 1440.00000000 55398.57023977683897087 50.00000 7 
 fake.rf 1440.00000000 55398.57285557206604665 50.00000 7 
 fake.rf 1440.00000000 55398.57545589206308634 50.00000 7 
 fake.rf 1440.00000000 55398.57805620963220861 50.00000 7 
 fake.rf 1440.00000000 55398.58065652917103705 50.00000 7 
 fake.rf 1440.00000000 55398.58327232629370585 50.00000 7 
 fake.rf 1440.00000000 55398.58587264465606026 50.00000 7 
 fake.rf 1440.00000000 55498.27375899114359115 50.00000 7 
 fake.rf 1440.00000000 55498.27637496653185067 50.00000 7 
 fake.rf 1440.00000000 55498.27897546280648200 50.00000 7 
 fake.rf 1440.00000000 55498.28157596134035856 50.00000 7 
 fake.rf 1440.00000000 55498.28417645669984637 50.00000 7 
 fake.rf 1440.00000000 55498.28679243333237991 50.00000 7 
 fake.rf 1440.00000000 55498.28939293070821037 50.00000 7 
 fake.rf 1440.00000000 55498.29199342623497415 50.00000 7 
 fake.rf 1440.00000000 55498.29459392491612135 50.00000 7 
 fake.rf 1440.00000000 55498.29720990046038764 50.00000 7 
 fake.rf 1440.00000000 55498.29981039777788965 50.00000 7 
 fake.rf 1440.00000000 55498.30241089532272980 50.00000 7 
 fake.rf 1440.00000000 55498.30501139218499773 50.00000 7 
 fake.rf 1440.00000000 55498.30762736971685101 50.00000 7 
 fake.rf 1440.00000000 55498.31022786614289899 50.00000 7 
 fake.rf 1440.00000000 55498.31282836397769032 50.00000 7 
 fake.rf 1440.00000000 55598.00072563176049556 50.00000 7 
 fake.rf 1440.00000000 55598.00332587688291852 50.00000 7 
 fake.rf 1440.00000000 55598.00592612561310091 50.00000 7 
 fake.rf 1440.00000000 55598.00854184950987502 50.00000 7 
 fake.rf 1440.00000000 55598.01114209790934595 50.00000 7 
 fake.rf 1440.00000000 55598.01374234302492638 50.00000 7 
 fake.rf 1440.00000000 55598.01634259033227181 50.00000 7 
 fake.rf 1440.00000000 55598.01895831626540456 50.00000 7 
 fake.rf 1440.00000000 55598.02155856250151800 50.00000 7 
 fake.rf 1440.00000000 55598.02415880932034753 50.00000 7 
 fake.rf 1440.00000000 55598.02675905714296434 50.00000 7 
 fake.rf 1440.00000000 55598.02937478227590518 50.00000 7 
 fake.rf 1440.00000000 55598.03197502896533777 50.00000 7 
 fake.rf 1440.00000000 55598.03457527698787288 50.00000 7 
 fake.rf 1440.00000000 55598.03717552462792639 50.00000 7 
 fake.rf 1440.00000000 55598.03979124869742279 50.00000 7 
 fake.rf 1440.00000000 55697.72767650949028351 50.00000 7 
 fake.rf 1440.00000000 55697.73027665635046546 50.00000 7 
 fake.rf 1440.00000000 55697.73289228026385445 50.00000 7 
 fake.rf 1440.00000000 55697.73549242749561117 50.00000 7 
 fake.rf 1440.00000000 55697.73809257545840268 50.00000 7 
 fake.rf 1440.00000000 55697.74070820039270302 50.00000 7 
 fake.rf 1440.00000000 55697.74330834740934293 50.00000 7 
 fake.rf 1440.00000000 55697.74590849493528211 50.00000 7 
 fake.rf 1440.00000000 55697.74850864270686657 50.00000 7 
 fake.rf 1440.00000000 55697.75112426777275232 50.00000 7 
 fake.rf 1440.00000000 55697.75372441509735566 50.00000 7 
 fake.rf 1440.00000000 55697.75632456428814265 50.00000 7 
 fake.rf 1440.00000000 55697.75892471164005570 50.00000 7 
 fake.rf 1440.00000000 55697.76154033723209480 50.00000 7 
 fake.rf 1440.00000000 55697.76414048502199350 50.00000 7 
 fake.rf 1440.00000000 55697.76674063378031221 50.00000 7 
 fake.rf 1440.00000000 55797.45463737507218482 50.00000 7 
 fake.rf 1440.00000000 55797.45723779312355717 50.00000 7 
 fake.rf 1440.00000000 55797.45983820953195575 50.00000 7 
 fake.rf 1440.00000000 55797.46245410683808075 50.00000 7 
 fake.rf 1440.00000000 55797.46505452307990680 50.00000 7 
 fake.rf 1440.00000000 55797.46765494001552810 50.00000 7 
 fake.rf 1440.00000000 55797.47025535813900277 50.00000 7 
 fake.rf 1440.00000000 55797.47287125358516491 50.00000 7 
 fake.rf 1440.00000000 55797.47547167310038674 50.00000 7 
 fake.rf 1440.00000000 55797.47807209007185847 50.00000 7 
 fake.rf 1440.00000000 55797.48067250747279289 50.00000 7 
 fake.rf 1440.00000000 55797.48328840490139413 50.00000 7 
 fake.rf 1440.00000000 55797.48588882245509879 50.00000 7 
 fake.rf 1440.00000000 55797.48848923921291387 50.00000 7 
 fake.rf 1440.00000000 55797.49108965751198141 50.00000 7 
 fake.rf 1440.00000000 55797.49370555436004437 50.00000 7 
 fake.rf 1440.00000000 55897.18159098309093480 50.00000 7 
 fake.rf 1440.00000000 55897.18419143166598673 50.00000 7 
 fake.rf 1440.00000000 55897.18680736035297230 50.00000 7 
 fake.rf 1440.00000000 55897.18940780953309755 50.00000 7 
 fake.rf 1440.00000000 55897.19200825847069680 50.00000 7 
 fake.rf 1440.00000000 55897.19460870674133801 50.00000 7 
 fake.rf 1440.00000000 55897.19722463558775516 50.00000 7 
 fake.rf 1440.00000000 55897.19982508494505424 50.00000 7 
 fake.rf 1440.00000000 55897.20242553362806603 50.00000 7 
 fake.rf 1440.00000000 55897.20502598325495569 50.00000 7 
 fake.rf 1440.00000000 55897.20764191144312250 50.00000 7 
 fake.rf 1440.00000000 55897.21024236076245373 50.00000 7 
 fake.rf 1440.00000000 55897.21284280860510307 50.00000 7 
 fake.rf 1440.00000000 55897.21544325858825530 50.00000 7 
 fake.rf 1440.00000000 55897.21805918728532703 50.00000 7 
 fake.rf 1440.00000000 55897.22065963616264384 50.00000 7 
 fake.rf 1440.00000000 55996.90855695300855643 50.00000 7 
 fake.rf 1440.00000000 55996.91115711329490878 50.00000 7 
 fake.rf 1440.00000000 55996.91375727155465825 50.00000 7 
 fake.rf 1440.00000000 55996.91635743306496309 50.00000 7 
 fake.rf 1440.00000000 55996.91897307091460689 50.00000 7 
 fake.rf 1440.00000000 55996.92157323061591256 50.00000 7 
 fake.rf 1440.00000000 55996.92417339030299317 50.00000 7 
 fake.rf 1440.00000000 55996.92677355008502715 50.00000 7 
 fake.rf 1440.00000000 55996.92938918837188567 50.00000 7 
 fake.rf 1440.00000000 55996.93198934745374373 50.00000 7 
 fake.rf 1440.00000000 55996.93458950637752025 50.00000 7 
 fake.rf 1440.00000000 55996.93718966905367296 50.00000 7 
 fake.rf 1440.00000000 55996.93980530572937226 50.00000 7 
 fake.rf 1440.00000000 55996.94240546749733056 50.00000 7 
 fake.rf 1440.00000000 55996.94500562808265443 50.00000 7 
 fake.rf 1440.00000000 55996.94760578763075287 50.00000 7 
 fake.rf 1440.00000000 56096.63550998860631580 50.00000 7 
 fake.rf 1440.00000000 56096.63811020854262068 50.00000 7 
 fake.rf 1440.00000000 56096.64071043027907493 50.00000 7 
 fake.rf 1440.00000000 56096.64332612823346480 50.00000 7 
 fake.rf 1440.00000000 56096.64592634894630052 50.00000 7 
 fake.rf 1440.00000000 56096.64852657121074841 50.00000 7 
 fake.rf 1440.00000000 56096.65112679250731276 50.00000 7 
 fake.rf 1440.00000000 56096.65374249081199665 50.00000 7 
 fake.rf 1440.00000000 56096.65634271162774738 50.00000 7 
 fake.rf 1440.00000000 56096.65894293374827129 50.00000 7 
 fake.rf 1440.00000000 56096.66154315493089300 50.00000 7 
 fake.rf 1440.00000000 56096.66415885514924966 50.00000 7 
 fake.rf 1440.00000000 56096.66675907532585654 50.00000 7 
 fake.rf 1440.00000000 56096.66935929836816754 50.00000 7 
 fake.rf 1440.00000000 56096.67195951885178218 50.00000 7 
 fake.rf 1440.00000000 56096.67457521807985188 50.00000 7 
 fake.rf 1440.00000000 56196.36246255398628335 50.00000 7 
 fake.rf 1440.00000000 56196.36506303791587413 50.00000 7 
 fake.rf 1440.00000000 56196.36767900116158714 50.00000 7 
 fake.rf 1440.00000000 56196.37027948523299159 50.00000 7 
 fake.rf 1440.00000000 56196.37287997090171032 50.00000 7 
 fake.rf 1440.00000000 56196.37548045476644631 50.00000 7 
 fake.rf 1440.00000000 56196.37808094018685878 50.00000 7 
 fake.rf 1440.00000000 56196.38069690284889290 50.00000 7 
 fake.rf 1440.00000000 56196.38329738754496034 50.00000 7 
 fake.rf 1440.00000000 56196.38589787270521470 50.00000 7 
 fake.rf 1440.00000000 56196.38849835810968258 50.00000 7 
 fake.rf 1440.00000000 56196.39111432203978325 50.00000 7 
 fake.rf 1440.00000000 56196.39371480690281757 50.00000 7 
 fake.rf 1440.00000000 56196.39631529082001649 50.00000 7 
 fake.rf 1440.00000000 56196.39891577554118385 50.00000 7 
 fake.rf 1440.00000000 56196.40153174114021439 50.00000 7 
 fake.rf 1440.00000000 56296.08941420980125514 50.00000 7 
 fake.rf 1440.00000000 56296.09203004094502987 50.00000 7 
 fake.rf 1440.00000000 56296.09463039491685876 50.00000 7 
 fake.rf 1440.00000000 56296.09723074786424490 50.00000 7 
 fake.rf 1440.00000000 56296.09983110158749398 50.00000 7 
 fake.rf 1440.00000000 56296.10244693293106977 50.00000 7 
 fake.rf 1440.00000000 56296.10504728688717435 50.00000 7 
 fake.rf 1440.00000000 56296.10764763946127331 50.00000 7 
 fake.rf 1440.00000000 56296.11024799467983470 50.00000 7 
 fake.rf 1440.00000000 56296.11286382731129763 50.00000 7 
 fake.rf 1440.00000000 56296.11546417962610533 50.00000 7 
 fake.rf 1440.00000000 56296.11806453428369679 50.00000 7 
 fake.rf 1440.00000000 56296.12066488695980127 50.00000 7 
 fake.rf 1440.00000000 56296.12328071865710655 50.00000 7 
 fake.rf 1440.00000000 56296.12588107377181856 50.00000 7 
 fake.rf 1440.00000000 56296.12848142785075467 50.00000 7 
 fake.rf 1440.00000000 56395.81638350553419414 50.00000 7 
 fake.rf 1440.00000000 56395.81898363048765432 50.00000 7 
 fake.rf 1440.00000000 56395.82158375587261645 50.00000 7 
 fake.rf 1440.00000000 56395.82418387904532509 50.00000 7 
 fake.rf 1440.00000000 56395.82679948035615780 50.00000 7 
 fake.rf 1440.00000000 56395.82939960436958060 50.00000 7 
 fake.rf 1440.00000000 56395.83199973026310303 50.00000 7 
 fake.rf 1440.00000000 56395.83459985455654007 50.00000 7 
 fake.rf 1440.00000000 56395.83721545696728583 50.00000 7 
 fake.rf 1440.00000000 56395.83981558240453325 50.00000 7 
 fake.rf 1440.00000000 56395.84241570565353641 50.00000 7 
 fake.rf 1440.00000000 56395.84501583083371301 50.00000 7 
 fake.rf 1440.00000000 56395.84763143192702373 50.00000 7 
 fake.rf 1440.00000000 56395.85023155743301260 50.00000 7 
 fake.rf 1440.00000000 56395.85283168256992425 50.00000 7 
 fake.rf 1440.00000000 56395.85543180836743105 50.00000 7 
 fake.rf 1440.00000000 56495.54333398331555927 50.00000 7 
 fake.rf 1440.00000000 56495.54593430492611361 50.00000 7 
 fake.rf 1440.00000000 56495.54853462669776221 50.00000 7 
 fake.rf 1440.00000000 56495.55115042667415892 50.00000 7 
 fake.rf 1440.00000000 56495.55375075077928315 50.00000 7 
 fake.rf 1440.00000000 56495.55635107250848748 50.00000 7 
 fake.rf 1440.00000000 56495.55895139654338877 50.00000 7 
 fake.rf 1440.00000000 56495.56156719663153964 50.00000 7 
 fake.rf 1440.00000000 56495.56416751982836288 50.00000 7 
 fake.rf 1440.00000000 56495.56676784175025574 50.00000 7 
 fake.rf 1440.00000000 56495.56936816472577334 50.00000 7 
 fake.rf 1440.00000000 56495.57198396545259911 50.00000 7 
 fake.rf 1440.00000000 56495.57458428868978473 50.00000 7 
 fake.rf 1440.00000000 56495.57718461131375065 50.00000 7 
 fake.rf 1440.00000000 56495.57978493492336725 50.00000 7 
 fake.rf 1440.00000000 56495.58240073591915831 50.00000 7 
 fake.rf 1440.00000000 56595.27028832054446994 50.00000 7 
 fake.rf 1440.00000000 56595.27288881694614986 50.00000 7 
 fake.rf 1440.00000000 56595.27550479187270227 50.00000 7 
 fake.rf 1440.00000000 56595.27810528952574742 50.00000 7 
 fake.rf 1440.00000000 56595.28070578576921434 50.00000 7 
 fake.rf 1440.00000000 56595.28330628120337664 50.00000 7 
 fake.rf 1440.00000000 56595.28592225783805603 50.00000 7 
 fake.rf 1440.00000000 56595.28852275343835387 50.00000 7 
 fake.rf 1440.00000000 56595.29112325220055268 50.00000 7 
 fake.rf 1440.00000000 56595.29372374764599130 50.00000 7 
 fake.rf 1440.00000000 56595.29632424555102688 50.00000 7 
 fake.rf 1440.00000000 56595.29894022141803234 50.00000 7 
 fake.rf 1440.00000000 56595.30154071891320910 50.00000 7 
 fake.rf 1440.00000000 56595.30414121548194473 50.00000 7 
 fake.rf 1440.00000000 56595.30674171228114844 50.00000 7 
 fake.rf 1440.00000000 56595.30935768819884757 50.00000 7 
 fake.rf 1440.00000000 56694.99724096358456649 50.00000 7 
 fake.rf 1440.00000000 56694.99985668235529346 50.00000 7 
 fake.rf 1440.00000000 56695.00245692589005131 50.00000 7 
 fake.rf 1440.00000000 56695.00505716936419986 50.00000 7 
 fake.rf 1440.00000000 56695.00765741438518575 50.00000 7 
 fake.rf 1440.00000000 56695.01027313526050477 50.00000 7 
 fake.rf 1440.00000000 56695.01287337681830536 50.00000 7 
 fake.rf 1440.00000000 56695.01547362172327738 50.00000 7 
 fake.rf 1440.00000000 56695.01807386590703075 50.00000 7 
 fake.rf 1440.00000000 56695.02068958737276816 50.00000 7 
 fake.rf 1440.00000000 56695.02328983038851717 50.00000 7 
 fake.rf 1440.00000000 56695.02589007435053503 50.00000 7 
 fake.rf 1440.00000000 56695.02849031880626285 50.00000 7 
 fake.rf 1440.00000000 56695.03110603812934798 50.00000 7 
 fake.rf 1440.00000000 56695.03370628319924762 50.00000 7 
 fake.rf 1440.00000000 56695.03630652687485281 50.00000 7 
 fake.rf 1440.00000000 56794.72420535518521589 50.00000 7 
 fake.rf 1440.00000000 56794.72680550548035328 50.00000 7 
 fake.rf 1440.00000000 56794.72940565477375685 50.00000 7 
 fake.rf 1440.00000000 56794.73202128286314405 50.00000 7 
 fake.rf 1440.00000000 56794.73462143208323027 50.00000 7 
 fake.rf 1440.00000000 56794.73722158144542149 50.00000 7 
 fake.rf 1440.00000000 56794.73982173097307324 50.00000 7 
 fake.rf 1440.00000000 56794.74243735748460438 50.00000 7 
 fake.rf 1440.00000000 56794.74503750850340111 50.00000 7 
 fake.rf 1440.00000000 56794.74763765864432230 50.00000 7 
 fake.rf 1440.00000000 56794.75023780881258162 50.00000 7 
 fake.rf 1440.00000000 56794.75285343480398126 50.00000 7 
 fake.rf 1440.00000000 56794.75545358487800840 50.00000 7 
 fake.rf 1440.00000000 56794.75805373626507944 50.00000 7 
 fake.rf 1440.00000000 56794.76066936273208441 50.00000 7 
 fake.rf 1440.00000000 56794.76326951327028070 50.00000 7 
 fake.rf 1440.00000000 56894.45116703541090786 50.00000 7 
 fake.rf 1440.00000000 56894.45376745620371750 50.00000 7 
 fake.rf 1440.00000000 56894.45636787667402956 50.00000 7 
 fake.rf 1440.00000000 56894.45896829819105989 50.00000 7 
 fake.rf 1440.00000000 56894.46158419730077682 50.00000 7 
 fake.rf 1440.00000000 56894.46418461891112983 50.00000 7 
 fake.rf 1440.00000000 56894.46678503956092143 50.00000 7 
 fake.rf 1440.00000000 56894.46938546034961348 50.00000 7 
 fake.rf 1440.00000000 56894.47198588199443137 50.00000 7 
 fake.rf 1440.00000000 56894.47460178133311004 50.00000 7 
 fake.rf 1440.00000000 56894.47720220436288230 50.00000 7 
 fake.rf 1440.00000000 56894.47980262354547776 50.00000 7 
 fake.rf 1440.00000000 56894.48240304590983385 50.00000 7 
 fake.rf 1440.00000000 56894.48501894620066111 50.00000 7 
 fake.rf 1440.00000000 56894.48761936746314660 50.00000 7 
 fake.rf 1440.00000000 56894.49021978824360701 50.00000 7 
