FORMAT 1
 fake.rf 1440.00000000 56894.45116703541090786 50.00000 7 
 fake.rf 1440.00000000 56894.45376745620371750 50.00000 7 
 fake.rf 1440.00000000 56894.45636787667402956 50.00000 7 
 fake.rf 1440.00000000 56894.45896829819105989 50.00000 7 
 fake.rf 1440.00000000 56894.46158419730077682 50.00000 7 
 fake.rf 1440.00000000 56894.46418461891112983 50.00000 7 
 fake.rf 1440.00000000 56894.46678503956092143 50.00000 7 
 fake.rf 1440.00000000 56894.46938546034961348 50.00000 7 
 fake.rf 1440.00000000 56894.47198588199443137 50.00000 7 
 fake.rf 1440.00000000 56894.47460178133311004 50.00000 7 
 fake.rf 1440.00000000 56894.47720220436288230 50.00000 7 
 fake.rf 1440.00000000 56894.47980262354547776 50.00000 7 
 fake.rf 1440.00000000 56894.48240304590983385 50.00000 7 
 fake.rf 1440.00000000 56894.48501894620066111 50.00000 7 
 fake.rf 1440.00000000 56894.48761936746314660 50.00000 7 
 fake.rf 1440.00000000 56894.49021978824360701 50.00000 7 

